{
 "cells": [
  {
   "cell_type": "code",
   "execution_count": 3,
   "metadata": {},
   "outputs": [],
   "source": [
    "import numpy as np"
   ]
  },
  {
   "cell_type": "code",
   "execution_count": 4,
   "metadata": {},
   "outputs": [],
   "source": [
    "X = np.random.rand(3,4)"
   ]
  },
  {
   "cell_type": "code",
   "execution_count": 5,
   "metadata": {},
   "outputs": [
    {
     "data": {
      "text/plain": [
       "array([[0.05624876, 0.87875403, 0.19060514, 0.27397581],\n",
       "       [0.46989039, 0.42209263, 0.84714122, 0.99583288],\n",
       "       [0.45372033, 0.96208278, 0.52001136, 0.4584227 ]])"
      ]
     },
     "execution_count": 5,
     "metadata": {},
     "output_type": "execute_result"
    }
   ],
   "source": [
    "X"
   ]
  },
  {
   "cell_type": "code",
   "execution_count": 6,
   "metadata": {},
   "outputs": [],
   "source": [
    "# SVD\n",
    "\n",
    "U, s, Vt = np.linalg.svd(X)"
   ]
  },
  {
   "cell_type": "code",
   "execution_count": 7,
   "metadata": {},
   "outputs": [
    {
     "data": {
      "text/plain": [
       "array([[-0.4003034 ,  0.62879772, -0.66661129],\n",
       "       [-0.67691186, -0.69323381, -0.24742114],\n",
       "       [-0.61769533,  0.35219357,  0.70314448]])"
      ]
     },
     "execution_count": 7,
     "metadata": {},
     "output_type": "execute_result"
    }
   ],
   "source": [
    "U"
   ]
  },
  {
   "cell_type": "code",
   "execution_count": 8,
   "metadata": {},
   "outputs": [
    {
     "data": {
      "text/plain": [
       "array([1.99593957, 0.76392628, 0.1993154 ])"
      ]
     },
     "execution_count": 8,
     "metadata": {},
     "output_type": "execute_result"
    }
   ],
   "source": [
    "# every components of s are square root of eigenvalue of X^2\n",
    "\n",
    "s"
   ]
  },
  {
   "cell_type": "code",
   "execution_count": 9,
   "metadata": {},
   "outputs": [
    {
     "data": {
      "text/plain": [
       "array([[-0.31105745, -0.17092936,  0.82920872,  0.43178619],\n",
       "       [-0.6171338 ,  0.78383089, -0.06892994, -0.0019154 ],\n",
       "       [-0.48646183, -0.37211732,  0.14541242, -0.77700632],\n",
       "       [-0.5345503 , -0.46682008, -0.53527263,  0.45805917]])"
      ]
     },
     "execution_count": 9,
     "metadata": {},
     "output_type": "execute_result"
    }
   ],
   "source": [
    "# each column of V is principal component of X\n",
    "\n",
    "Vt.T"
   ]
  },
  {
   "cell_type": "code",
   "execution_count": 10,
   "metadata": {},
   "outputs": [],
   "source": [
    "# principal component extraction\n",
    "\n",
    "c1 = Vt.T[:,0]\n",
    "c2 = Vt.T[:,1]"
   ]
  },
  {
   "cell_type": "code",
   "execution_count": 11,
   "metadata": {},
   "outputs": [],
   "source": [
    "# 2-dimension projection\n",
    "\n",
    "W_2 = np.array([c1,c2]).T"
   ]
  },
  {
   "cell_type": "code",
   "execution_count": 12,
   "metadata": {},
   "outputs": [],
   "source": [
    "X_2_proj = X.dot(W_2)"
   ]
  },
  {
   "cell_type": "code",
   "execution_count": 13,
   "metadata": {},
   "outputs": [
    {
     "data": {
      "text/plain": [
       "array([[-0.79898139,  0.48035511],\n",
       "       [-1.35107517, -0.52957953],\n",
       "       [-1.23288256,  0.26904992]])"
      ]
     },
     "execution_count": 13,
     "metadata": {},
     "output_type": "execute_result"
    }
   ],
   "source": [
    "X_2_proj"
   ]
  },
  {
   "cell_type": "code",
   "execution_count": null,
   "metadata": {},
   "outputs": [],
   "source": []
  }
 ],
 "metadata": {
  "kernelspec": {
   "display_name": "Python 3",
   "language": "python",
   "name": "python3"
  },
  "language_info": {
   "codemirror_mode": {
    "name": "ipython",
    "version": 3
   },
   "file_extension": ".py",
   "mimetype": "text/x-python",
   "name": "python",
   "nbconvert_exporter": "python",
   "pygments_lexer": "ipython3",
   "version": "3.7.4"
  }
 },
 "nbformat": 4,
 "nbformat_minor": 2
}
